1 0 0 0 0 1 1 0 100 1 1 16 16 1
0 1 0 0 0 1 1 0 100 1 1 16 16 1
0 0 0 0 1 1 1 0 101 1 1 16 16 1
0 0 0 0 1 1 2 0 100 0 1 16 16 1
1 0 0 0 0 1 1 0 100 1 1 16 16 1
0 1 0 0 0 1 1 0 100 1 1 16 16 1
0 0 0 0 1 1 1 0 100 1 1 16 16 0
0 0 0 0 0 1 1 0 100 1 1 16 16 0
0 0 1 1 0 1 1 0 100 1 1 16 16 0
0 0 0 0 0 1 1 0 100 1 1 16 16 0
0 0 0 0 0 1 1 0 100 1 1 16 16 1
0 0 1 1 0 1 1 0 100 1 1 16 16 1
1 0 0 0 0 1 1 0 100 1 1 16 16 1
0 1 0 0 0 1 1 0 100 1 1 16 16 1
0 0 0 0 1 1 1 0 100 1 1 16 16 1
0 0 1 1 0 1 1 0 100 1 1 16 16 1
1 0 0 0 0 1 1 0 100 1 1 16 16 1
0 1 0 0 0 1 1 0 100 1 1 16 16 1
0 0 0 0 1 1 1 0 100 1 1 16 16 1
0 0 0 0 0 1 1 0 100 1 1 16 16 1
0 0 1 1 0 1 1 0 100 1 1 16 16 1
0 0 1 1 0 1 1 0 100 1 1 16 16 1
1 0 0 0 0 1 1 0 100 1 1 16 16 1
0 1 0 0 0 1 1 0 100 1 1 16 16 1
0 0 0 0 1 1 1 0 100 1 1 16 16 1
0 0 0 0 1 0 1 0 100 1 1 16 16 1
1 0 0 0 0 1 1 0 100 1 1 16 16 1
0 1 0 0 0 1 1 0 100 1 1 16 16 1
0 0 0 0 1 1 3 0 100 1 1 16 16 1
0 0 0 0 1 1 1 0 100 1 1 16 16 1
0 1 0 0 0 1 1 0 100 1 2 16 16 1
0 0 0 0 1 1 1 0 100 1 2 16 16 1
1 0 0 0 0 1 1 0 100 1 1 16 16 1
0 1 0 0 0 1 1 0 100 1 1 16 16 1
0 0 0 0 1 1 1 0 100 1 0 16 16 1
1 0 0 0 0 1 1 0 100 1 1 16 16 1
0 1 0 0 0 1 1 0 100 1 1 16 1 1
0 0 0 0 1 1 1 0 100 1 1 16 16 1
0 0 0 0 0 1 1 0 100 1 1 16 16 1
0 0 0 0 0 1 1 0 100 1 1 16 16 1
0 0 0 0 0 1 1 0 100 1 1 16 16 1
0 0 0 0 0 1 1 0 100 1 1 16 16 1
0 0 0 0 0 1 1 0 100 1 1 16 16 1
0 0 0 0 0 1 1 0 100 1 1 16 16 1
0 0 0 0 0 1 1 0 100 1 1 16 16 1
0 0 0 0 0 1 1 0 100 1 1 16 16 1
0 0 0 0 0 1 1 0 100 1 1 16 16 1
0 0 0 0 0 1 1 0 100 1 1 16 16 1
0 0 0 0 0 1 1 0 100 1 1 16 16 1
0 0 0 0 0 1 1 0 100 1 1 16 16 1
0 0 0 0 0 1 1 0 100 1 1 16 16 1
0 0 0 0 0 1 1 0 100 1 1 16 16 1
0 0 0 0 0 1 1 0 100 1 1 16 16 1
0 0 0 0 0 1 1 0 100 1 1 16 16 1
0 0 0 0 0 1 1 0 100 1 1 16 16 1
0 0 0 0 0 1 1 0 100 1 1 16 16 1
0 0 0 0 0 1 1 0 100 1 1 16 16 1
0 0 0 0 0 1 1 0 100 1 1 16 16 1
0 0 0 0 0 1 1 0 100 1 1 16 16 1
0 0 0 0 0 1 1 0 100 1 1 16 16 1
0 0 0 0 0 1 1 0 100 1 1 16 16 1
0 0 0 0 0 1 1 0 100 1 1 16 16 1
0 0 0 0 0 1 1 0 100 1 1 16 16 1
0 0 0 0 0 1 1 0 100 1 1 16 16 1
0 0 0 0 0 1 1 0 100 1 1 16 16 1
0 0 0 0 0 1 1 0 100 1 1 16 16 1
0 0 0 0 0 1 1 0 100 1 1 16 16 1
0 0 0 0 0 1 1 0 100 1 1 16 16 1
0 0 0 0 0 1 1 0 100 1 1 16 16 1
0 0 0 0 0 1 1 0 100 1 1 16 16 1
0 0 0 0 0 1 1 0 100 1 1 16 16 1
0 0 0 0 0 1 1 0 100 1 1 16 16 1
0 0 0 0 0 1 1 0 100 1 1 16 16 1
0 0 0 0 0 1 1 0 100 1 1 16 16 1
0 0 0 0 0 1 1 0 100 1 1 16 16 1
0 0 0 0 0 1 1 0 100 1 1 16 16 1
0 0 0 0 0 1 1 0 100 1 1 16 16 1
0 0 0 0 0 1 1 0 100 1 1 16 16 1
0 0 0 0 0 1 1 0 100 1 1 16 16 1
0 0 0 0 0 1 1 0 100 1 1 16 16 1
0 0 0 0 0 1 1 0 100 1 1 16 16 1
0 0 0 0 0 1 1 0 100 1 1 16 16 1
0 0 0 0 0 1 1 0 100 1 1 16 16 1
0 0 0 0 0 1 1 0 100 1 1 16 16 1
0 0 0 0 0 1 1 0 100 1 1 16 16 1
0 0 0 0 0 1 1 0 100 1 1 16 16 1
0 0 0 0 0 1 1 0 100 1 1 16 16 1
0 0 0 0 0 1 1 0 100 1 1 16 16 1
0 0 0 0 0 1 1 0 100 1 1 16 16 1
0 0 0 0 0 1 1 0 100 1 1 16 16 1
0 0 0 0 0 1 1 0 100 1 1 16 16 1
0 0 0 0 0 1 1 0 100 1 1 16 16 1
0 0 0 0 0 1 1 0 100 1 1 16 16 1
0 0 0 0 0 1 1 0 100 1 1 16 16 1
0 0 0 0 0 1 1 0 100 1 1 16 16 1
0 0 0 0 0 1 1 0 100 1 1 16 16 1
0 0 0 0 0 1 1 0 100 1 1 16 16 1
0 0 0 0 0 1 1 0 100 1 1 16 16 1
0 0 0 0 0 1 1 0 100 1 1 16 16 1
0 0 0 0 0 1 1 0 100 1 1 16 16 1
0 0 0 0 0 1 1 0 100 1 1 16 16 1
0 0 0 0 0 1 1 0 100 1 1 16 16 1
0 0 0 0 1 1 2 0 100 1 1 16 16 1
1 0 0 0 0 1 1 0 100 1 1 16 16 1
0 1 0 0 0 1 1 0 100 4294967295 1 18446744073709551615 100 1
0 0 0 0 1 1 1 0 100 4294967295 1 16 16 1
0 0 0 0 1 1 2 0 100 4294967295 1 16 16 1
