1 0 0 0 0 1 1 0 100 1 1 16 16 1
0 1 0 0 0 1 1 0 100 1 1 16 16 1
0 0 0 0 1 1 1 0 101 1 1 16 16 1
0 0 0 0 1 1 2 0 100 0 1 16 16 1
1 0 0 0 0 1 1 0 100 1 1 16 16 1
0 1 0 0 0 1 1 0 100 1 1 16 16 1
0 0 0 0 1 1 1 0 100 1 1 16 16 0
0 0 0 0 0 1 1 0 100 1 1 16 16 0
0 0 1 1 0 1 1 0 100 1 1 16 16 0
0 0 0 0 0 1 1 0 100 1 1 16 16 0
0 0 0 0 0 1 1 0 100 1 1 16 16 1
0 0 1 1 0 1 1 0 100 1 1 16 16 1
1 0 0 0 0 1 1 0 100 1 1 16 16 1
0 1 0 0 0 1 1 0 100 1 1 16 16 1
0 0 0 0 1 1 1 0 100 1 1 16 16 1
0 0 1 1 0 1 1 0 100 1 1 16 16 1
1 0 0 0 0 1 1 0 100 1 1 16 16 1
0 1 0 0 0 1 1 0 100 1 1 16 16 1
0 0 0 0 1 1 1 0 100 1 1 16 16 1
0 0 0 0 0 1 1 0 100 1 1 16 16 1
0 0 1 1 0 1 1 0 100 1 1 16 16 1
0 0 1 1 0 1 1 0 100 1 1 16 16 1
1 0 0 0 0 1 1 0 100 1 1 16 16 1
0 1 0 0 0 1 1 0 100 1 1 16 16 1
0 0 0 0 1 1 1 0 100 1 1 16 16 1
0 0 0 0 1 0 1 0 100 1 1 16 16 1
1 0 0 0 0 1 1 0 100 1 1 16 16 1
0 1 0 0 0 1 1 0 100 1 1 16 16 1
0 0 0 0 1 1 3 0 100 1 1 16 16 1
0 0 0 0 1 1 1 0 100 1 1 16 16 1
0 1 0 0 0 1 1 0 100 1 2 16 16 1
0 0 0 0 1 1 1 0 100 1 2 16 16 1
1 0 0 0 0 1 1 0 100 1 1 16 16 1
0 1 0 0 0 1 1 0 100 1 1 16 16 1
0 0 0 0 1 1 1 0 100 1 0 16 16 1
1 0 0 0 0 1 1 0 100 1 1 16 16 1
0 1 0 0 0 1 1 0 100 1 1 16 1 1
0 0 0 0 1 1 1 0 100 1 1 16 16 1
0 0 0 0 0 1 1 0 100 1 1 16 16 1
0 0 0 0 0 1 1 0 100 1 1 16 16 1
0 0 0 0 0 1 1 0 100 1 1 16 16 1
0 0 0 0 0 1 1 0 100 1 1 16 16 1
0 0 0 0 0 1 1 0 100 1 1 16 16 1
0 0 0 0 0 1 1 0 100 1 1 16 16 1
0 0 0 0 0 1 1 0 100 1 1 16 16 1
0 0 0 0 0 1 1 0 100 1 1 16 16 1
0 0 0 0 0 1 1 0 100 1 1 16 16 1
0 0 0 0 0 1 1 0 100 1 1 16 16 1
0 0 0 0 0 1 1 0 100 1 1 16 16 1
0 0 0 0 0 1 1 0 100 1 1 16 16 1
0 0 0 0 0 1 1 0 100 1 1 16 16 1
0 0 0 0 0 1 1 0 100 1 1 16 16 1
0 0 0 0 0 1 1 0 100 1 1 16 16 1
0 0 0 0 0 1 1 0 100 1 1 16 16 1
0 0 0 0 0 1 1 0 100 1 1 16 16 1
0 0 0 0 0 1 1 0 100 1 1 16 16 1
0 0 0 0 0 1 1 0 100 1 1 16 16 1
0 0 0 0 0 1 1 0 100 1 1 16 16 1
0 0 0 0 0 1 1 0 100 1 1 16 16 1
0 0 0 0 0 1 1 0 100 1 1 16 16 1
0 0 0 0 0 1 1 0 100 1 1 16 16 1
0 0 0 0 0 1 1 0 100 1 1 16 16 1
0 0 0 0 0 1 1 0 100 1 1 16 16 1
0 0 0 0 0 1 1 0 100 1 1 16 16 1
0 0 0 0 0 1 1 0 100 1 1 16 16 1
0 0 0 0 0 1 1 0 100 1 1 16 16 1
0 0 0 0 0 1 1 0 100 1 1 16 16 1
0 0 0 0 0 1 1 0 100 1 1 16 16 1
0 0 0 0 0 1 1 0 100 1 1 16 16 1
0 0 0 0 0 1 1 0 100 1 1 16 16 1
0 0 0 0 0 1 1 0 100 1 1 16 16 1
0 0 0 0 0 1 1 0 100 1 1 16 16 1
0 0 0 0 0 1 1 0 100 1 1 16 16 1
0 0 0 0 0 1 1 0 100 1 1 16 16 1
0 0 0 0 0 1 1 0 100 1 1 16 16 1
0 0 0 0 0 1 1 0 100 1 1 16 16 1
0 0 0 0 0 1 1 0 100 1 1 16 16 1
0 0 0 0 0 1 1 0 100 1 1 16 16 1
0 0 0 0 0 1 1 0 100 1 1 16 16 1
0 0 0 0 0 1 1 0 100 1 1 16 16 1
0 0 0 0 0 1 1 0 100 1 1 16 16 1
0 0 0 0 0 1 1 0 100 1 1 16 16 1
0 0 0 0 0 1 1 0 100 1 1 16 16 1
0 0 0 0 0 1 1 0 100 1 1 16 16 1
0 0 0 0 0 1 1 0 100 1 1 16 16 1
0 0 0 0 0 1 1 0 100 1 1 16 16 1
0 0 0 0 0 1 1 0 100 1 1 16 16 1
0 0 0 0 0 1 1 0 100 1 1 16 16 1
0 0 0 0 0 1 1 0 100 1 1 16 16 1
0 0 0 0 0 1 1 0 100 1 1 16 16 1
0 0 0 0 0 1 1 0 100 1 1 16 16 1
0 0 0 0 0 1 1 0 100 1 1 16 16 1
0 0 0 0 0 1 1 0 100 1 1 16 16 1
0 0 0 0 0 1 1 0 100 1 1 16 16 1
0 0 0 0 0 1 1 0 100 1 1 16 16 1
0 0 0 0 0 1 1 0 100 1 1 16 16 1
0 0 0 0 0 1 1 0 100 1 1 16 16 1
0 0 0 0 0 1 1 0 100 1 1 16 16 1
0 0 0 0 0 1 1 0 100 1 1 16 16 1
0 0 0 0 0 1 1 0 100 1 1 16 16 1
0 0 0 0 0 1 1 0 100 1 1 16 16 1
0 0 0 0 0 1 1 0 100 1 1 16 16 1
0 0 0 0 1 1 2 0 100 1 1 16 16 1
1 0 0 0 0 1 1 0 100 1 1 16 16 1
0 1 0 0 0 1 1 0 100 4294967295 1 18446744073709551615 100 1
0 0 0 0 1 1 1 0 100 4294967295 1 16 16 1
0 0 0 0 1 1 2 0 100 4294967295 1 16 16 1
0 0 0 0 1 1 3 0 100 4294967295 1 16 16 1
0 0 1 1 0 1 1 0 100 1 1 16 16 1
0 0 1 2 0 1 1 0 100 1 1 16 16 1
0 0 1 3 0 1 1 0 100 1 1 16 16 1
1 0 0 0 0 1 1 0 100 1 1 16 16 1
0 1 0 0 0 1 1 0 100 1 1 100 100 1
0 0 0 0 1 1 1 0 100 1 1 16 16 1
0 0 0 0 1 1 2 0 100 1 1 16 16 1
0 0 0 0 1 1 3 0 100 1 1 16 16 1
0 0 0 0 1 1 4 0 100 1 1 16 16 1
0 0 0 0 1 1 5 0 100 1 1 16 16 1
0 0 0 0 1 1 6 0 100 1 1 16 16 1
0 0 0 0 1 1 7 0 100 1 1 16 16 1
0 0 0 0 1 1 8 0 100 1 1 16 16 1
0 0 0 0 1 1 9 0 100 1 1 16 16 1
0 0 0 0 1 1 10 0 100 1 1 16 16 1
0 0 0 0 1 1 11 0 100 1 1 16 16 1
0 0 0 0 1 1 12 0 100 1 1 16 16 1
0 0 0 0 1 1 13 0 100 1 1 16 16 1
0 0 0 0 1 1 14 0 100 1 1 16 16 1
0 0 0 0 1 1 15 0 100 1 1 16 16 1
0 0 0 0 1 1 16 0 100 1 1 16 16 1
0 0 0 0 1 1 17 0 100 1 1 16 16 1
0 0 1 1 0 1 1 0 100 1 1 16 16 1
0 0 0 0 1 1 18 0 100 1 1 16 16 1
1 0 0 0 0 1 1 0 100 1 1 16 16 1
0 1 0 0 0 1 18446744073709551615 0 100 1 1 16 16 1
0 0 0 0 1 1 18446744073709551615 0 100 1 1 16 16 1
1 0 0 0 0 1 1 0 100 1 1 16 16 1
0 1 0 0 0 1 1 0 100 1 1 16 16 1
0 0 0 0 1 1 1 0 100 1 1 16 16 1
1 0 0 0 0 1 1 0 100 1 1 16 16 1
0 1 0 0 0 1 1 0 100 1 2 16 16 1
0 0 0 0 1 1 1 0 100 1 2 16 16 1
1 0 0 0 0 1 1 0 100 1 1 16 16 1
0 1 1 0 1 1 1 0 100 1 1 16 16 1
1 0 0 0 0 1 1 0 100 1 1 16 16 1
0 1 0 0 0 1 1 0 100 3 1 3 16 1
0 0 0 0 1 1 1 0 100 3 1 16 16 1
0 0 0 0 1 1 2 0 100 3 1 16 16 1
